# JWST NIRCam WFSS Grism Sensitivity file (with units converted)
# Wavelength(nm) Sensitivity(DN/s/(phot/s/cm2/nm))
3827.00 1.24026e+03
3832.00 1.48665e+03
3836.00 1.42949e+03
3841.00 1.78282e+03
3845.00 2.27792e+03
3850.00 2.89109e+03
3855.00 4.22004e+03
3860.00 5.59182e+03
3865.00 7.25806e+03
3870.00 9.57198e+03
3875.00 1.29397e+04
3880.00 1.68778e+04
3885.00 2.18722e+04
3890.00 2.64683e+04
3895.00 3.15019e+04
3900.00 3.62566e+04
3905.00 4.13751e+04
3910.00 4.51521e+04
3915.00 4.82685e+04
3920.00 5.07364e+04
3925.00 5.32451e+04
3930.00 5.51172e+04
3935.00 5.57870e+04
3940.00 5.76327e+04
3945.00 5.78621e+04
3950.00 5.81380e+04
3955.00 5.84894e+04
3960.00 5.84511e+04
3965.00 5.86373e+04
3970.00 5.83627e+04
3975.00 5.85755e+04
3980.00 5.87020e+04
3985.00 5.91797e+04
3990.00 5.96841e+04
3995.00 5.92956e+04
4000.00 5.99625e+04
4005.00 5.94990e+04
4010.00 5.99586e+04
4015.00 6.02368e+04
4020.00 6.02817e+04
4025.00 5.94782e+04
4030.00 6.06125e+04
4035.00 6.04529e+04
4040.00 5.94964e+04
4045.00 6.02522e+04
4050.00 5.98715e+04
4055.00 5.82221e+04
4060.00 5.98625e+04
4065.00 5.94821e+04
4070.00 5.99684e+04
4075.00 6.00251e+04
4080.00 5.89871e+04
4085.00 5.99112e+04
4090.00 6.05935e+04
4095.00 6.02277e+04
4100.00 6.02388e+04
4105.00 5.95977e+04
4110.00 5.97623e+04
4115.00 5.98113e+04
4120.00 5.99258e+04
4125.00 6.03237e+04
4130.00 6.02847e+04
4135.00 6.03782e+04
4140.00 6.05277e+04
4145.00 6.08834e+04
4150.00 5.98130e+04
4155.00 5.92477e+04
4160.00 5.96241e+04
4165.00 5.94772e+04
4170.00 5.98923e+04
4175.00 6.02242e+04
4180.00 5.98875e+04
4185.00 5.97717e+04
4190.00 5.89916e+04
4195.00 5.91871e+04
4200.00 5.97110e+04
4205.00 5.89646e+04
4210.00 5.90542e+04
4215.00 5.95341e+04
4220.00 5.96419e+04
4225.00 5.88130e+04
4230.00 5.89096e+04
4235.00 5.83413e+04
4240.00 5.91219e+04
4245.00 5.88321e+04
4250.00 5.91112e+04
4255.00 5.91198e+04
4260.00 5.91467e+04
4265.00 5.91534e+04
4270.00 5.86362e+04
4275.00 5.83751e+04
4280.00 5.83351e+04
4285.00 5.79223e+04
4290.00 5.81328e+04
4295.00 5.87060e+04
4300.00 5.77492e+04
4305.00 5.80417e+04
4310.00 5.88785e+04
4315.00 5.89259e+04
4320.00 5.75933e+04
4325.00 5.86469e+04
4330.00 5.78844e+04
4335.00 5.69821e+04
4340.00 5.74369e+04
4345.00 5.70923e+04
4350.00 5.65988e+04
4355.00 5.67894e+04
4360.00 5.68855e+04
4365.00 5.64856e+04
4370.00 5.66242e+04
4375.00 5.72258e+04
4380.00 5.69143e+04
4385.00 5.67462e+04
4390.00 5.67900e+04
4395.00 5.61633e+04
4400.00 5.69896e+04
4405.00 5.64945e+04
4410.00 5.52650e+04
4415.00 5.61424e+04
4420.00 5.55918e+04
4425.00 5.55451e+04
4430.00 5.58389e+04
4435.00 5.52277e+04
4440.00 5.56354e+04
4445.00 5.53031e+04
4450.00 5.52196e+04
4455.00 5.49171e+04
4460.00 5.49078e+04
4465.00 5.50055e+04
4470.00 5.48535e+04
4475.00 5.54127e+04
4480.00 5.48857e+04
4485.00 5.54010e+04
4490.00 5.47351e+04
4495.00 5.49917e+04
4500.00 5.57515e+04
4505.00 5.45081e+04
4510.00 5.39990e+04
4515.00 5.43329e+04
4520.00 5.41265e+04
4525.00 5.34821e+04
4530.00 5.35199e+04
4535.00 5.46448e+04
4540.00 5.43474e+04
4545.00 5.36806e+04
4550.00 5.35427e+04
4555.00 5.40609e+04
4560.00 5.40348e+04
4565.00 5.35393e+04
4570.00 5.35510e+04
4575.00 5.31906e+04
4580.00 5.32178e+04
4585.00 5.27321e+04
4590.00 5.29754e+04
4595.00 5.34174e+04
4600.00 5.29253e+04
4605.00 5.28642e+04
4610.00 5.15711e+04
4615.00 5.17194e+04
4620.00 5.20901e+04
4625.00 5.12998e+04
4630.00 5.24360e+04
4635.00 5.23953e+04
4640.00 5.17847e+04
4645.00 5.19423e+04
4650.00 5.11429e+04
4655.00 5.10647e+04
4660.00 5.06524e+04
4665.00 5.06205e+04
4670.00 5.03087e+04
4675.00 5.02172e+04
4680.00 5.01038e+04
4685.00 4.99031e+04
4690.00 4.99905e+04
4695.00 5.00924e+04
4700.00 4.97437e+04
4705.00 4.94100e+04
4710.00 4.91295e+04
4715.00 4.96000e+04
4720.00 4.92438e+04
4725.00 4.94425e+04
4730.00 4.93823e+04
4735.00 4.99691e+04
4740.00 4.95778e+04
4745.00 4.87825e+04
4750.00 4.91099e+04
4755.00 4.83222e+04
4760.00 4.79936e+04
4765.00 4.81627e+04
4770.00 4.72932e+04
4775.00 4.64044e+04
4780.00 4.66721e+04
4785.00 4.70830e+04
4790.00 4.61991e+04
4795.00 4.70162e+04
4800.00 4.64772e+04
4805.00 4.68210e+04
4810.00 4.69851e+04
4815.00 4.73999e+04
4820.00 4.75801e+04
4825.00 4.68557e+04
4830.00 4.71664e+04
4835.00 4.81161e+04
4840.00 4.73600e+04
4845.00 4.75299e+04
4850.00 4.67428e+04
4855.00 4.72233e+04
4860.00 4.67416e+04
4865.00 4.57581e+04
4870.00 4.58303e+04
4875.00 4.53324e+04
4880.00 4.54588e+04
4885.00 4.48881e+04
4890.00 4.49538e+04
4895.00 4.41646e+04
4900.00 4.38883e+04
4905.00 4.41788e+04
4910.00 4.38793e+04
4915.00 4.35387e+04
4920.00 4.34040e+04
4925.00 4.27533e+04
4930.00 4.23848e+04
4935.00 4.26515e+04
4940.00 4.18086e+04
4945.00 4.22133e+04
4950.00 4.06492e+04
4955.00 4.06643e+04
4960.00 3.88997e+04
4965.00 3.81533e+04
4970.00 3.69871e+04
4975.00 3.54450e+04
4980.00 3.37832e+04
4985.00 3.18927e+04
4990.00 3.01009e+04
4995.00 2.81697e+04
5000.00 2.53875e+04
5005.00 2.40429e+04
5010.00 2.13106e+04
5015.00 1.95663e+04
5020.00 1.73546e+04
5025.00 1.57473e+04
5030.00 1.35586e+04
5035.00 1.26947e+04
5040.00 1.13771e+04
5045.00 1.00463e+04
5050.00 9.09521e+03
5054.20 7.68751e+03
5059.30 6.24673e+03
5064.30 5.28782e+03
5068.50 4.45898e+03
