# Roman WFI Grism 1st-Order Sensitivity file (with units converted)
# Wavelength(nm) Sensitivity(DN/s/(phot/s/cm2/nm))
400.000000 0.000000e+00
401.000000 0.000000e+00
402.000000 0.000000e+00
403.000000 0.000000e+00
404.000000 0.000000e+00
405.000000 0.000000e+00
406.000000 0.000000e+00
407.000000 0.000000e+00
408.000000 0.000000e+00
409.000000 0.000000e+00
410.000000 0.000000e+00
411.000000 0.000000e+00
412.000000 0.000000e+00
413.000000 0.000000e+00
414.000000 0.000000e+00
415.000000 0.000000e+00
416.000000 0.000000e+00
417.000000 0.000000e+00
418.000000 0.000000e+00
419.000000 0.000000e+00
420.000000 0.000000e+00
421.000000 0.000000e+00
422.000000 0.000000e+00
423.000000 0.000000e+00
424.000000 0.000000e+00
425.000000 0.000000e+00
426.000000 0.000000e+00
427.000000 0.000000e+00
428.000000 0.000000e+00
429.000000 0.000000e+00
430.000000 0.000000e+00
431.000000 0.000000e+00
432.000000 0.000000e+00
433.000000 0.000000e+00
434.000000 0.000000e+00
435.000000 0.000000e+00
436.000000 0.000000e+00
437.000000 0.000000e+00
438.000000 0.000000e+00
439.000000 0.000000e+00
440.000000 0.000000e+00
441.000000 0.000000e+00
442.000000 0.000000e+00
443.000000 0.000000e+00
444.000000 0.000000e+00
445.000000 0.000000e+00
446.000000 0.000000e+00
447.000000 0.000000e+00
448.000000 0.000000e+00
449.000000 0.000000e+00
450.000000 0.000000e+00
451.000000 0.000000e+00
452.000000 0.000000e+00
453.000000 0.000000e+00
454.000000 0.000000e+00
455.000000 0.000000e+00
456.000000 0.000000e+00
457.000000 0.000000e+00
458.000000 0.000000e+00
459.000000 0.000000e+00
460.000000 0.000000e+00
461.000000 0.000000e+00
462.000000 0.000000e+00
463.000000 0.000000e+00
464.000000 0.000000e+00
465.000000 0.000000e+00
466.000000 0.000000e+00
467.000000 0.000000e+00
468.000000 0.000000e+00
469.000000 0.000000e+00
470.000000 0.000000e+00
471.000000 0.000000e+00
472.000000 0.000000e+00
473.000000 0.000000e+00
474.000000 0.000000e+00
475.000000 0.000000e+00
476.000000 0.000000e+00
477.000000 0.000000e+00
478.000000 0.000000e+00
479.000000 0.000000e+00
480.000000 0.000000e+00
481.000000 0.000000e+00
482.000000 0.000000e+00
483.000000 0.000000e+00
484.000000 0.000000e+00
485.000000 0.000000e+00
486.000000 0.000000e+00
487.000000 0.000000e+00
488.000000 0.000000e+00
489.000000 0.000000e+00
490.000000 0.000000e+00
491.000000 0.000000e+00
492.000000 0.000000e+00
493.000000 0.000000e+00
494.000000 0.000000e+00
495.000000 0.000000e+00
496.000000 0.000000e+00
497.000000 0.000000e+00
498.000000 0.000000e+00
499.000000 0.000000e+00
500.000000 0.000000e+00
501.000000 0.000000e+00
502.000000 0.000000e+00
503.000000 0.000000e+00
504.000000 0.000000e+00
505.000000 0.000000e+00
506.000000 0.000000e+00
507.000000 0.000000e+00
508.000000 0.000000e+00
509.000000 0.000000e+00
510.000000 0.000000e+00
511.000000 0.000000e+00
512.000000 0.000000e+00
513.000000 0.000000e+00
514.000000 0.000000e+00
515.000000 0.000000e+00
516.000000 0.000000e+00
517.000000 0.000000e+00
518.000000 0.000000e+00
519.000000 0.000000e+00
520.000000 0.000000e+00
521.000000 0.000000e+00
522.000000 0.000000e+00
523.000000 0.000000e+00
524.000000 0.000000e+00
525.000000 0.000000e+00
526.000000 0.000000e+00
527.000000 0.000000e+00
528.000000 0.000000e+00
529.000000 0.000000e+00
530.000000 0.000000e+00
531.000000 0.000000e+00
532.000000 0.000000e+00
533.000000 0.000000e+00
534.000000 0.000000e+00
535.000000 0.000000e+00
536.000000 0.000000e+00
537.000000 0.000000e+00
538.000000 0.000000e+00
539.000000 0.000000e+00
540.000000 0.000000e+00
541.000000 0.000000e+00
542.000000 0.000000e+00
543.000000 0.000000e+00
544.000000 0.000000e+00
545.000000 0.000000e+00
546.000000 0.000000e+00
547.000000 0.000000e+00
548.000000 0.000000e+00
549.000000 0.000000e+00
550.000000 0.000000e+00
551.000000 0.000000e+00
552.000000 0.000000e+00
553.000000 0.000000e+00
554.000000 0.000000e+00
555.000000 0.000000e+00
556.000000 0.000000e+00
557.000000 0.000000e+00
558.000000 0.000000e+00
559.000000 0.000000e+00
560.000000 0.000000e+00
561.000000 0.000000e+00
562.000000 0.000000e+00
563.000000 0.000000e+00
564.000000 0.000000e+00
565.000000 0.000000e+00
566.000000 0.000000e+00
567.000000 0.000000e+00
568.000000 0.000000e+00
569.000000 0.000000e+00
570.000000 0.000000e+00
571.000000 0.000000e+00
572.000000 0.000000e+00
573.000000 0.000000e+00
574.000000 0.000000e+00
575.000000 0.000000e+00
576.000000 0.000000e+00
577.000000 0.000000e+00
578.000000 0.000000e+00
579.000000 0.000000e+00
580.000000 0.000000e+00
581.000000 0.000000e+00
582.000000 0.000000e+00
583.000000 0.000000e+00
584.000000 0.000000e+00
585.000000 0.000000e+00
586.000000 0.000000e+00
587.000000 0.000000e+00
588.000000 0.000000e+00
589.000000 0.000000e+00
590.000000 0.000000e+00
591.000000 0.000000e+00
592.000000 0.000000e+00
593.000000 0.000000e+00
594.000000 0.000000e+00
595.000000 0.000000e+00
596.000000 0.000000e+00
597.000000 0.000000e+00
598.000000 0.000000e+00
599.000000 0.000000e+00
600.000000 0.000000e+00
601.000000 0.000000e+00
602.000000 0.000000e+00
603.000000 0.000000e+00
604.000000 0.000000e+00
605.000000 0.000000e+00
606.000000 0.000000e+00
607.000000 0.000000e+00
608.000000 0.000000e+00
609.000000 0.000000e+00
610.000000 0.000000e+00
611.000000 0.000000e+00
612.000000 0.000000e+00
613.000000 0.000000e+00
614.000000 0.000000e+00
615.000000 0.000000e+00
616.000000 0.000000e+00
617.000000 0.000000e+00
618.000000 0.000000e+00
619.000000 0.000000e+00
620.000000 0.000000e+00
621.000000 0.000000e+00
622.000000 0.000000e+00
623.000000 0.000000e+00
624.000000 0.000000e+00
625.000000 0.000000e+00
626.000000 0.000000e+00
627.000000 0.000000e+00
628.000000 0.000000e+00
629.000000 0.000000e+00
630.000000 0.000000e+00
631.000000 0.000000e+00
632.000000 0.000000e+00
633.000000 0.000000e+00
634.000000 0.000000e+00
635.000000 0.000000e+00
636.000000 0.000000e+00
637.000000 0.000000e+00
638.000000 0.000000e+00
639.000000 0.000000e+00
640.000000 0.000000e+00
641.000000 0.000000e+00
642.000000 0.000000e+00
643.000000 0.000000e+00
644.000000 0.000000e+00
645.000000 0.000000e+00
646.000000 0.000000e+00
647.000000 0.000000e+00
648.000000 0.000000e+00
649.000000 0.000000e+00
650.000000 0.000000e+00
651.000000 0.000000e+00
652.000000 0.000000e+00
653.000000 0.000000e+00
654.000000 0.000000e+00
655.000000 0.000000e+00
656.000000 0.000000e+00
657.000000 0.000000e+00
658.000000 0.000000e+00
659.000000 0.000000e+00
660.000000 0.000000e+00
661.000000 0.000000e+00
662.000000 0.000000e+00
663.000000 0.000000e+00
664.000000 0.000000e+00
665.000000 0.000000e+00
666.000000 0.000000e+00
667.000000 0.000000e+00
668.000000 0.000000e+00
669.000000 0.000000e+00
670.000000 0.000000e+00
671.000000 0.000000e+00
672.000000 0.000000e+00
673.000000 0.000000e+00
674.000000 0.000000e+00
675.000000 0.000000e+00
676.000000 0.000000e+00
677.000000 0.000000e+00
678.000000 0.000000e+00
679.000000 0.000000e+00
680.000000 0.000000e+00
681.000000 0.000000e+00
682.000000 0.000000e+00
683.000000 0.000000e+00
684.000000 0.000000e+00
685.000000 0.000000e+00
686.000000 0.000000e+00
687.000000 0.000000e+00
688.000000 0.000000e+00
689.000000 0.000000e+00
690.000000 0.000000e+00
691.000000 0.000000e+00
692.000000 0.000000e+00
693.000000 0.000000e+00
694.000000 0.000000e+00
695.000000 0.000000e+00
696.000000 0.000000e+00
697.000000 0.000000e+00
698.000000 0.000000e+00
699.000000 0.000000e+00
700.000000 0.000000e+00
701.000000 0.000000e+00
702.000000 0.000000e+00
703.000000 0.000000e+00
704.000000 0.000000e+00
705.000000 0.000000e+00
706.000000 0.000000e+00
707.000000 0.000000e+00
708.000000 0.000000e+00
709.000000 0.000000e+00
710.000000 0.000000e+00
711.000000 0.000000e+00
712.000000 0.000000e+00
713.000000 0.000000e+00
714.000000 0.000000e+00
715.000000 0.000000e+00
716.000000 0.000000e+00
717.000000 0.000000e+00
718.000000 0.000000e+00
719.000000 0.000000e+00
720.000000 0.000000e+00
721.000000 0.000000e+00
722.000000 0.000000e+00
723.000000 0.000000e+00
724.000000 0.000000e+00
725.000000 0.000000e+00
726.000000 0.000000e+00
727.000000 0.000000e+00
728.000000 0.000000e+00
729.000000 0.000000e+00
730.000000 0.000000e+00
731.000000 0.000000e+00
732.000000 0.000000e+00
733.000000 0.000000e+00
734.000000 0.000000e+00
735.000000 0.000000e+00
736.000000 0.000000e+00
737.000000 0.000000e+00
738.000000 0.000000e+00
739.000000 0.000000e+00
740.000000 0.000000e+00
741.000000 0.000000e+00
742.000000 0.000000e+00
743.000000 0.000000e+00
744.000000 0.000000e+00
745.000000 0.000000e+00
746.000000 0.000000e+00
747.000000 0.000000e+00
748.000000 0.000000e+00
749.000000 0.000000e+00
750.000000 0.000000e+00
751.000000 0.000000e+00
752.000000 0.000000e+00
753.000000 0.000000e+00
754.000000 0.000000e+00
755.000000 0.000000e+00
756.000000 0.000000e+00
757.000000 0.000000e+00
758.000000 0.000000e+00
759.000000 0.000000e+00
760.000000 0.000000e+00
761.000000 0.000000e+00
762.000000 0.000000e+00
763.000000 0.000000e+00
764.000000 0.000000e+00
765.000000 0.000000e+00
766.000000 0.000000e+00
767.000000 0.000000e+00
768.000000 0.000000e+00
769.000000 0.000000e+00
770.000000 0.000000e+00
771.000000 0.000000e+00
772.000000 0.000000e+00
773.000000 0.000000e+00
774.000000 0.000000e+00
775.000000 0.000000e+00
776.000000 0.000000e+00
777.000000 0.000000e+00
778.000000 0.000000e+00
779.000000 0.000000e+00
780.000000 0.000000e+00
781.000000 0.000000e+00
782.000000 0.000000e+00
783.000000 0.000000e+00
784.000000 0.000000e+00
785.000000 0.000000e+00
786.000000 0.000000e+00
787.000000 0.000000e+00
788.000000 0.000000e+00
789.000000 0.000000e+00
790.000000 0.000000e+00
791.000000 0.000000e+00
792.000000 0.000000e+00
793.000000 0.000000e+00
794.000000 0.000000e+00
795.000000 0.000000e+00
796.000000 0.000000e+00
797.000000 0.000000e+00
798.000000 0.000000e+00
799.000000 0.000000e+00
800.000000 0.000000e+00
801.000000 0.000000e+00
802.000000 0.000000e+00
803.000000 0.000000e+00
804.000000 0.000000e+00
805.000000 0.000000e+00
806.000000 0.000000e+00
807.000000 0.000000e+00
808.000000 0.000000e+00
809.000000 0.000000e+00
810.000000 0.000000e+00
811.000000 0.000000e+00
812.000000 0.000000e+00
813.000000 0.000000e+00
814.000000 0.000000e+00
815.000000 0.000000e+00
816.000000 0.000000e+00
817.000000 0.000000e+00
818.000000 0.000000e+00
819.000000 0.000000e+00
820.000000 0.000000e+00
821.000000 0.000000e+00
822.000000 0.000000e+00
823.000000 0.000000e+00
824.000000 0.000000e+00
825.000000 0.000000e+00
826.000000 0.000000e+00
827.000000 0.000000e+00
828.000000 0.000000e+00
829.000000 0.000000e+00
830.000000 0.000000e+00
831.000000 0.000000e+00
832.000000 0.000000e+00
833.000000 0.000000e+00
834.000000 0.000000e+00
835.000000 0.000000e+00
836.000000 0.000000e+00
837.000000 0.000000e+00
838.000000 0.000000e+00
839.000000 0.000000e+00
840.000000 0.000000e+00
841.000000 0.000000e+00
842.000000 0.000000e+00
843.000000 0.000000e+00
844.000000 0.000000e+00
845.000000 0.000000e+00
846.000000 0.000000e+00
847.000000 0.000000e+00
848.000000 0.000000e+00
849.000000 0.000000e+00
850.000000 0.000000e+00
851.000000 0.000000e+00
852.000000 0.000000e+00
853.000000 0.000000e+00
854.000000 0.000000e+00
855.000000 0.000000e+00
856.000000 0.000000e+00
857.000000 0.000000e+00
858.000000 0.000000e+00
859.000000 0.000000e+00
860.000000 0.000000e+00
861.000000 0.000000e+00
862.000000 0.000000e+00
863.000000 0.000000e+00
864.000000 0.000000e+00
865.000000 0.000000e+00
866.000000 0.000000e+00
867.000000 0.000000e+00
868.000000 0.000000e+00
869.000000 0.000000e+00
870.000000 0.000000e+00
871.000000 0.000000e+00
872.000000 0.000000e+00
873.000000 0.000000e+00
874.000000 0.000000e+00
875.000000 0.000000e+00
876.000000 0.000000e+00
877.000000 0.000000e+00
878.000000 0.000000e+00
879.000000 0.000000e+00
880.000000 0.000000e+00
881.000000 0.000000e+00
882.000000 0.000000e+00
883.000000 0.000000e+00
884.000000 0.000000e+00
885.000000 0.000000e+00
886.000000 0.000000e+00
887.000000 0.000000e+00
888.000000 0.000000e+00
889.000000 0.000000e+00
890.000000 0.000000e+00
891.000000 0.000000e+00
892.000000 0.000000e+00
893.000000 0.000000e+00
894.000000 0.000000e+00
895.000000 0.000000e+00
896.000000 0.000000e+00
897.000000 0.000000e+00
898.000000 0.000000e+00
899.000000 0.000000e+00
900.000000 0.000000e+00
901.000000 0.000000e+00
902.000000 0.000000e+00
903.000000 0.000000e+00
904.000000 0.000000e+00
905.000000 0.000000e+00
906.000000 0.000000e+00
907.000000 0.000000e+00
908.000000 0.000000e+00
909.000000 0.000000e+00
910.000000 0.000000e+00
911.000000 0.000000e+00
912.000000 0.000000e+00
913.000000 0.000000e+00
914.000000 0.000000e+00
915.000000 0.000000e+00
916.000000 0.000000e+00
917.000000 0.000000e+00
918.000000 0.000000e+00
919.000000 0.000000e+00
920.000000 0.000000e+00
921.000000 0.000000e+00
922.000000 0.000000e+00
923.000000 0.000000e+00
924.000000 0.000000e+00
925.000000 0.000000e+00
926.000000 0.000000e+00
927.000000 0.000000e+00
928.000000 0.000000e+00
929.000000 0.000000e+00
930.000000 0.000000e+00
931.000000 0.000000e+00
932.000000 0.000000e+00
933.000000 0.000000e+00
934.000000 0.000000e+00
935.000000 0.000000e+00
936.000000 0.000000e+00
937.000000 0.000000e+00
938.000000 0.000000e+00
939.000000 0.000000e+00
940.000000 0.000000e+00
941.000000 0.000000e+00
942.000000 0.000000e+00
943.000000 0.000000e+00
944.000000 0.000000e+00
945.000000 0.000000e+00
946.000000 0.000000e+00
947.000000 0.000000e+00
948.000000 0.000000e+00
949.000000 0.000000e+00
950.000000 0.000000e+00
951.000000 0.000000e+00
952.000000 0.000000e+00
953.000000 0.000000e+00
954.000000 0.000000e+00
955.000000 0.000000e+00
956.000000 0.000000e+00
957.000000 0.000000e+00
958.000000 0.000000e+00
959.000000 0.000000e+00
960.000000 0.000000e+00
961.000000 0.000000e+00
962.000000 0.000000e+00
963.000000 0.000000e+00
964.000000 0.000000e+00
965.000000 0.000000e+00
966.000000 0.000000e+00
967.000000 0.000000e+00
968.000000 0.000000e+00
969.000000 0.000000e+00
970.000000 0.000000e+00
971.000000 0.000000e+00
972.000000 0.000000e+00
973.000000 0.000000e+00
974.000000 0.000000e+00
975.000000 0.000000e+00
976.000000 0.000000e+00
977.000000 0.000000e+00
978.000000 0.000000e+00
979.000000 0.000000e+00
980.000000 0.000000e+00
981.000000 0.000000e+00
982.000000 0.000000e+00
983.000000 0.000000e+00
984.000000 0.000000e+00
985.000000 0.000000e+00
986.000000 0.000000e+00
987.000000 0.000000e+00
988.000000 9.047787e-01
989.000000 3.166725e+00
990.000000 8.143008e+00
991.000000 2.397664e+01
992.000000 6.288212e+01
993.000000 1.520028e+02
994.000000 3.338633e+02
995.000000 6.717982e+02
996.000000 1.238190e+03
997.000000 2.095920e+03
998.000000 3.268061e+03
999.000000 4.714802e+03
1000.000000 6.332094e+03
1001.000000 7.968838e+03
1002.000000 9.468961e+03
1003.000000 1.071620e+04
1004.000000 1.166079e+04
1005.000000 1.231901e+04
1006.000000 1.274607e+04
1007.000000 1.301207e+04
1008.000000 1.317991e+04
1009.000000 1.329618e+04
1010.000000 1.338484e+04
1011.000000 1.346401e+04
1012.000000 1.353911e+04
1013.000000 1.361194e+04
1014.000000 1.368387e+04
1015.000000 1.375580e+04
1016.000000 1.382819e+04
1017.000000 1.390011e+04
1018.000000 1.397204e+04
1019.000000 1.404397e+04
1020.000000 1.411500e+04
1021.000000 1.418693e+04
1022.000000 1.425795e+04
1023.000000 1.432898e+04
1024.000000 1.440091e+04
1025.000000 1.447194e+04
1026.000000 1.454296e+04
1027.000000 1.461308e+04
1028.000000 1.468411e+04
1029.000000 1.475423e+04
1030.000000 1.482480e+04
1031.000000 1.489582e+04
1032.000000 1.496594e+04
1033.000000 1.503199e+04
1034.000000 1.509804e+04
1035.000000 1.516681e+04
1036.000000 1.523693e+04
1037.000000 1.530705e+04
1038.000000 1.537581e+04
1039.000000 1.544593e+04
1040.000000 1.551514e+04
1041.000000 1.558391e+04
1042.000000 1.565312e+04
1043.000000 1.572098e+04
1044.000000 1.579020e+04
1045.000000 1.585896e+04
1046.000000 1.592682e+04
1047.000000 1.599513e+04
1048.000000 1.606299e+04
1049.000000 1.613085e+04
1050.000000 1.619916e+04
1051.000000 1.626702e+04
1052.000000 1.633397e+04
1053.000000 1.640183e+04
1054.000000 1.646878e+04
1055.000000 1.653619e+04
1056.000000 1.660314e+04
1057.000000 1.667009e+04
1058.000000 1.673705e+04
1059.000000 1.680400e+04
1060.000000 1.687005e+04
1061.000000 1.693610e+04
1062.000000 1.700215e+04
1063.000000 1.706820e+04
1064.000000 1.713379e+04
1065.000000 1.719984e+04
1066.000000 1.726499e+04
1067.000000 1.733013e+04
1068.000000 1.739482e+04
1069.000000 1.745997e+04
1070.000000 1.752511e+04
1071.000000 1.758980e+04
1072.000000 1.765404e+04
1073.000000 1.771783e+04
1074.000000 1.778207e+04
1075.000000 1.784585e+04
1076.000000 1.790919e+04
1077.000000 1.797207e+04
1078.000000 1.803495e+04
1079.000000 1.809784e+04
1080.000000 1.816117e+04
1081.000000 1.822179e+04
1082.000000 1.828512e+04
1083.000000 1.835208e+04
1084.000000 1.841813e+04
1085.000000 1.848101e+04
1086.000000 1.854118e+04
1087.000000 1.860089e+04
1088.000000 1.866197e+04
1089.000000 1.872304e+04
1090.000000 1.878321e+04
1091.000000 1.884292e+04
1092.000000 1.890218e+04
1093.000000 1.896190e+04
1094.000000 1.902116e+04
1095.000000 1.907997e+04
1096.000000 1.913788e+04
1097.000000 1.919488e+04
1098.000000 1.925414e+04
1099.000000 1.931702e+04
1100.000000 1.937900e+04
1101.000000 1.943103e+04
1102.000000 1.948079e+04
1103.000000 1.953598e+04
1104.000000 1.959208e+04
1105.000000 1.964817e+04
1106.000000 1.970201e+04
1107.000000 1.975720e+04
1108.000000 1.981103e+04
1109.000000 1.986396e+04
1110.000000 1.991780e+04
1111.000000 1.997706e+04
1112.000000 2.003497e+04
1113.000000 2.008880e+04
1114.000000 2.013992e+04
1115.000000 2.019195e+04
1116.000000 2.024397e+04
1117.000000 2.029509e+04
1118.000000 2.034712e+04
1119.000000 2.040321e+04
1120.000000 2.045886e+04
1121.000000 2.051088e+04
1122.000000 2.056019e+04
1123.000000 2.060995e+04
1124.000000 2.066017e+04
1125.000000 2.070812e+04
1126.000000 2.075788e+04
1127.000000 2.081217e+04
1128.000000 2.086601e+04
1129.000000 2.091622e+04
1130.000000 2.096282e+04
1131.000000 2.100987e+04
1132.000000 2.105782e+04
1133.000000 2.110396e+04
1134.000000 2.115192e+04
1135.000000 2.120485e+04
1136.000000 2.125687e+04
1137.000000 2.130392e+04
1138.000000 2.134916e+04
1139.000000 2.139394e+04
1140.000000 2.144009e+04
1141.000000 2.148578e+04
1142.000000 2.153102e+04
1143.000000 2.157580e+04
1144.000000 2.162014e+04
1145.000000 2.166493e+04
1146.000000 2.170881e+04
1147.000000 2.175178e+04
1148.000000 2.179702e+04
1149.000000 2.184588e+04
1150.000000 2.189519e+04
1151.000000 2.193907e+04
1152.000000 2.198115e+04
1153.000000 2.202412e+04
1154.000000 2.206710e+04
1155.000000 2.211008e+04
1156.000000 2.215215e+04
1157.000000 2.219422e+04
1158.000000 2.223584e+04
1159.000000 2.227610e+04
1160.000000 2.231908e+04
1161.000000 2.236522e+04
1162.000000 2.241182e+04
1163.000000 2.245389e+04
1164.000000 2.249280e+04
1165.000000 2.253306e+04
1166.000000 2.257287e+04
1167.000000 2.261313e+04
1168.000000 2.265204e+04
1169.000000 2.269094e+04
1170.000000 2.273121e+04
1171.000000 2.277509e+04
1172.000000 2.281988e+04
1173.000000 2.285878e+04
1174.000000 2.289588e+04
1175.000000 2.293388e+04
1176.000000 2.297097e+04
1177.000000 2.300716e+04
1178.000000 2.304607e+04
1179.000000 2.308814e+04
1180.000000 2.313112e+04
1181.000000 2.316822e+04
1182.000000 2.320305e+04
1183.000000 2.323879e+04
1184.000000 2.327407e+04
1185.000000 2.330800e+04
1186.000000 2.334419e+04
1187.000000 2.338491e+04
1188.000000 2.342517e+04
1189.000000 2.346091e+04
1190.000000 2.349394e+04
1191.000000 2.352606e+04
1192.000000 2.356089e+04
1193.000000 2.359979e+04
1194.000000 2.363915e+04
1195.000000 2.367218e+04
1196.000000 2.370294e+04
1197.000000 2.373506e+04
1198.000000 2.376718e+04
1199.000000 2.379885e+04
1200.000000 2.383006e+04
1201.000000 2.386082e+04
1202.000000 2.389204e+04
1203.000000 2.392280e+04
1204.000000 2.395402e+04
1205.000000 2.398297e+04
1206.000000 2.401418e+04
1207.000000 2.404992e+04
1208.000000 2.408611e+04
1209.000000 2.411688e+04
1210.000000 2.414492e+04
1211.000000 2.417207e+04
1212.000000 2.420193e+04
1213.000000 2.423721e+04
1214.000000 2.427114e+04
1215.000000 2.430009e+04
1216.000000 2.432588e+04
1217.000000 2.435393e+04
1218.000000 2.438107e+04
1219.000000 2.440595e+04
1220.000000 2.443400e+04
1221.000000 2.446612e+04
1222.000000 2.449779e+04
1223.000000 2.452493e+04
1224.000000 2.454891e+04
1225.000000 2.457198e+04
1226.000000 2.459822e+04
1227.000000 2.462898e+04
1228.000000 2.465884e+04
1229.000000 2.468281e+04
1230.000000 2.470498e+04
1231.000000 2.472805e+04
1232.000000 2.475113e+04
1233.000000 2.477194e+04
1234.000000 2.479501e+04
1235.000000 2.482306e+04
1236.000000 2.485020e+04
1237.000000 2.487191e+04
1238.000000 2.489091e+04
1239.000000 2.491082e+04
1240.000000 2.493118e+04
1241.000000 2.494882e+04
1242.000000 2.496918e+04
1243.000000 2.499406e+04
1244.000000 2.501804e+04
1245.000000 2.503704e+04
1246.000000 2.505287e+04
1247.000000 2.506916e+04
1248.000000 2.508589e+04
1249.000000 2.510308e+04
1250.000000 2.511801e+04
1251.000000 2.513113e+04
1252.000000 2.514606e+04
1253.000000 2.516506e+04
1254.000000 2.518497e+04
1255.000000 2.519899e+04
1256.000000 2.520985e+04
1257.000000 2.521980e+04
1258.000000 2.523202e+04
1259.000000 2.525011e+04
1260.000000 2.526685e+04
1261.000000 2.527906e+04
1262.000000 2.528721e+04
1263.000000 2.529490e+04
1264.000000 2.530485e+04
1265.000000 2.531978e+04
1266.000000 2.533516e+04
1267.000000 2.534511e+04
1268.000000 2.535099e+04
1269.000000 2.535688e+04
1270.000000 2.536592e+04
1271.000000 2.537904e+04
1272.000000 2.539216e+04
1273.000000 2.539985e+04
1274.000000 2.540392e+04
1275.000000 2.540980e+04
1276.000000 2.541614e+04
1277.000000 2.542021e+04
1278.000000 2.542609e+04
1279.000000 2.543695e+04
1280.000000 2.544781e+04
1281.000000 2.545414e+04
1282.000000 2.545685e+04
1283.000000 2.546092e+04
1284.000000 2.546409e+04
1285.000000 2.546681e+04
1286.000000 2.547088e+04
1287.000000 2.548083e+04
1288.000000 2.549078e+04
1289.000000 2.549485e+04
1290.000000 2.549712e+04
1291.000000 2.549893e+04
1292.000000 2.550209e+04
1293.000000 2.550300e+04
1294.000000 2.550707e+04
1295.000000 2.551612e+04
1296.000000 2.552381e+04
1297.000000 2.552788e+04
1298.000000 2.552788e+04
1299.000000 2.553014e+04
1300.000000 2.553195e+04
1301.000000 2.553421e+04
1302.000000 2.553693e+04
1303.000000 2.554597e+04
1304.000000 2.555502e+04
1305.000000 2.555819e+04
1306.000000 2.555909e+04
1307.000000 2.556090e+04
1308.000000 2.556181e+04
1309.000000 2.556316e+04
1310.000000 2.556588e+04
1311.000000 2.557402e+04
1312.000000 2.558216e+04
1313.000000 2.558397e+04
1314.000000 2.558397e+04
1315.000000 2.558488e+04
1316.000000 2.558578e+04
1317.000000 2.558488e+04
1318.000000 2.558714e+04
1319.000000 2.559393e+04
1320.000000 2.560117e+04
1321.000000 2.560297e+04
1322.000000 2.560207e+04
1323.000000 2.560207e+04
1324.000000 2.560207e+04
1325.000000 2.560117e+04
1326.000000 2.560117e+04
1327.000000 2.560795e+04
1328.000000 2.561383e+04
1329.000000 2.561519e+04
1330.000000 2.561202e+04
1331.000000 2.561021e+04
1332.000000 2.561112e+04
1333.000000 2.561609e+04
1334.000000 2.562107e+04
1335.000000 2.562107e+04
1336.000000 2.561881e+04
1337.000000 2.561700e+04
1338.000000 2.561519e+04
1339.000000 2.561202e+04
1340.000000 2.561202e+04
1341.000000 2.561609e+04
1342.000000 2.562107e+04
1343.000000 2.562017e+04
1344.000000 2.561609e+04
1345.000000 2.561202e+04
1346.000000 2.561112e+04
1347.000000 2.561519e+04
1348.000000 2.561790e+04
1349.000000 2.561609e+04
1350.000000 2.561202e+04
1351.000000 2.560886e+04
1352.000000 2.560614e+04
1353.000000 2.560297e+04
1354.000000 2.559981e+04
1355.000000 2.559709e+04
1356.000000 2.559302e+04
1357.000000 2.558805e+04
1358.000000 2.558578e+04
1359.000000 2.558895e+04
1360.000000 2.559212e+04
1361.000000 2.558895e+04
1362.000000 2.558397e+04
1363.000000 2.557990e+04
1364.000000 2.557583e+04
1365.000000 2.557221e+04
1366.000000 2.556678e+04
1367.000000 2.556090e+04
1368.000000 2.555819e+04
1369.000000 2.556000e+04
1370.000000 2.556090e+04
1371.000000 2.555593e+04
1372.000000 2.555095e+04
1373.000000 2.555095e+04
1374.000000 2.555321e+04
1375.000000 2.554778e+04
1376.000000 2.554100e+04
1377.000000 2.553421e+04
1378.000000 2.552788e+04
1379.000000 2.552019e+04
1380.000000 2.551521e+04
1381.000000 2.551385e+04
1382.000000 2.551295e+04
1383.000000 2.550616e+04
1384.000000 2.549802e+04
1385.000000 2.549621e+04
1386.000000 2.549485e+04
1387.000000 2.548807e+04
1388.000000 2.547812e+04
1389.000000 2.546907e+04
1390.000000 2.546002e+04
1391.000000 2.545097e+04
1392.000000 2.544102e+04
1393.000000 2.543107e+04
1394.000000 2.542111e+04
1395.000000 2.541116e+04
1396.000000 2.539985e+04
1397.000000 2.538899e+04
1398.000000 2.537678e+04
1399.000000 2.536592e+04
1400.000000 2.535416e+04
1401.000000 2.534014e+04
1402.000000 2.532702e+04
1403.000000 2.531480e+04
1404.000000 2.529987e+04
1405.000000 2.527906e+04
1406.000000 2.525780e+04
1407.000000 2.524197e+04
1408.000000 2.522885e+04
1409.000000 2.521392e+04
1410.000000 2.519809e+04
1411.000000 2.518180e+04
1412.000000 2.516597e+04
1413.000000 2.515013e+04
1414.000000 2.513385e+04
1415.000000 2.511620e+04
1416.000000 2.509992e+04
1417.000000 2.508997e+04
1418.000000 2.507911e+04
1419.000000 2.506192e+04
1420.000000 2.504382e+04
1421.000000 2.503115e+04
1422.000000 2.502120e+04
1423.000000 2.500989e+04
1424.000000 2.499723e+04
1425.000000 2.498501e+04
1426.000000 2.497280e+04
1427.000000 2.496194e+04
1428.000000 2.494882e+04
1429.000000 2.492982e+04
1430.000000 2.491082e+04
1431.000000 2.489589e+04
1432.000000 2.488503e+04
1433.000000 2.487282e+04
1434.000000 2.485879e+04
1435.000000 2.483979e+04
1436.000000 2.481898e+04
1437.000000 2.479817e+04
1438.000000 2.478008e+04
1439.000000 2.476605e+04
1440.000000 2.475294e+04
1441.000000 2.473393e+04
1442.000000 2.471312e+04
1443.000000 2.469186e+04
1444.000000 2.467196e+04
1445.000000 2.465115e+04
1446.000000 2.463215e+04
1447.000000 2.461812e+04
1448.000000 2.460410e+04
1449.000000 2.458510e+04
1450.000000 2.456384e+04
1451.000000 2.454212e+04
1452.000000 2.452403e+04
1453.000000 2.451091e+04
1454.000000 2.449688e+04
1455.000000 2.447879e+04
1456.000000 2.445707e+04
1457.000000 2.443581e+04
1458.000000 2.441681e+04
1459.000000 2.440279e+04
1460.000000 2.438921e+04
1461.000000 2.437112e+04
1462.000000 2.434895e+04
1463.000000 2.432678e+04
1464.000000 2.430778e+04
1465.000000 2.429421e+04
1466.000000 2.428019e+04
1467.000000 2.426119e+04
1468.000000 2.423902e+04
1469.000000 2.421912e+04
1470.000000 2.419785e+04
1471.000000 2.417614e+04
1472.000000 2.415714e+04
1473.000000 2.414221e+04
1474.000000 2.412819e+04
1475.000000 2.410783e+04
1476.000000 2.408611e+04
1477.000000 2.406621e+04
1478.000000 2.404495e+04
1479.000000 2.402278e+04
1480.000000 2.400287e+04
1481.000000 2.398794e+04
1482.000000 2.397302e+04
1483.000000 2.395311e+04
1484.000000 2.393094e+04
1485.000000 2.390878e+04
1486.000000 2.388887e+04
1487.000000 2.386806e+04
1488.000000 2.384589e+04
1489.000000 2.382418e+04
1490.000000 2.380382e+04
1491.000000 2.378889e+04
1492.000000 2.377306e+04
1493.000000 2.375315e+04
1494.000000 2.373099e+04
1495.000000 2.370882e+04
1496.000000 2.368801e+04
1497.000000 2.366584e+04
1498.000000 2.364503e+04
1499.000000 2.362287e+04
1500.000000 2.360206e+04
1501.000000 2.357989e+04
1502.000000 2.355817e+04
1503.000000 2.353601e+04
1504.000000 2.351384e+04
1505.000000 2.349122e+04
1506.000000 2.347086e+04
1507.000000 2.345503e+04
1508.000000 2.343920e+04
1509.000000 2.341793e+04
1510.000000 2.339486e+04
1511.000000 2.337315e+04
1512.000000 2.335098e+04
1513.000000 2.332791e+04
1514.000000 2.330710e+04
1515.000000 2.328991e+04
1516.000000 2.327407e+04
1517.000000 2.325281e+04
1518.000000 2.323019e+04
1519.000000 2.320803e+04
1520.000000 2.318586e+04
1521.000000 2.316188e+04
1522.000000 2.314107e+04
1523.000000 2.312479e+04
1524.000000 2.310805e+04
1525.000000 2.308679e+04
1526.000000 2.306281e+04
1527.000000 2.304109e+04
1528.000000 2.301893e+04
1529.000000 2.299495e+04
1530.000000 2.297414e+04
1531.000000 2.295695e+04
1532.000000 2.294021e+04
1533.000000 2.291895e+04
1534.000000 2.289497e+04
1535.000000 2.287281e+04
1536.000000 2.285019e+04
1537.000000 2.282621e+04
1538.000000 2.280495e+04
1539.000000 2.278821e+04
1540.000000 2.277102e+04
1541.000000 2.274885e+04
1542.000000 2.272487e+04
1543.000000 2.270090e+04
1544.000000 2.267918e+04
1545.000000 2.266199e+04
1546.000000 2.264480e+04
1547.000000 2.262309e+04
1548.000000 2.259911e+04
1549.000000 2.257604e+04
1550.000000 2.255297e+04
1551.000000 2.252899e+04
1552.000000 2.250501e+04
1553.000000 2.248013e+04
1554.000000 2.245706e+04
1555.000000 2.243896e+04
1556.000000 2.242087e+04
1557.000000 2.239780e+04
1558.000000 2.237291e+04
1559.000000 2.234803e+04
1560.000000 2.232496e+04
1561.000000 2.230099e+04
1562.000000 2.227610e+04
1563.000000 2.225213e+04
1564.000000 2.222815e+04
1565.000000 2.220417e+04
1566.000000 2.218020e+04
1567.000000 2.215486e+04
1568.000000 2.213089e+04
1569.000000 2.211279e+04
1570.000000 2.209379e+04
1571.000000 2.207117e+04
1572.000000 2.204584e+04
1573.000000 2.202186e+04
1574.000000 2.199788e+04
1575.000000 2.197391e+04
1576.000000 2.194993e+04
1577.000000 2.192595e+04
1578.000000 2.190198e+04
1579.000000 2.187800e+04
1580.000000 2.185402e+04
1581.000000 2.183005e+04
1582.000000 2.180607e+04
1583.000000 2.178119e+04
1584.000000 2.175812e+04
1585.000000 2.174002e+04
1586.000000 2.172193e+04
1587.000000 2.170021e+04
1588.000000 2.167488e+04
1589.000000 2.165000e+04
1590.000000 2.162783e+04
1591.000000 2.161019e+04
1592.000000 2.159209e+04
1593.000000 2.156992e+04
1594.000000 2.154595e+04
1595.000000 2.152107e+04
1596.000000 2.149890e+04
1597.000000 2.148216e+04
1598.000000 2.146406e+04
1599.000000 2.144280e+04
1600.000000 2.141883e+04
1601.000000 2.139711e+04
1602.000000 2.137494e+04
1603.000000 2.135187e+04
1604.000000 2.133106e+04
1605.000000 2.131478e+04
1606.000000 2.129894e+04
1607.000000 2.127904e+04
1608.000000 2.125597e+04
1609.000000 2.123516e+04
1610.000000 2.121389e+04
1611.000000 2.119308e+04
1612.000000 2.117182e+04
1613.000000 2.115101e+04
1614.000000 2.113020e+04
1615.000000 2.110803e+04
1616.000000 2.108813e+04
1617.000000 2.106687e+04
1618.000000 2.104606e+04
1619.000000 2.102389e+04
1620.000000 2.100398e+04
1621.000000 2.098906e+04
1622.000000 2.097322e+04
1623.000000 2.095286e+04
1624.000000 2.093115e+04
1625.000000 2.090989e+04
1626.000000 2.088998e+04
1627.000000 2.086782e+04
1628.000000 2.084791e+04
1629.000000 2.083208e+04
1630.000000 2.081579e+04
1631.000000 2.079589e+04
1632.000000 2.077417e+04
1633.000000 2.075291e+04
1634.000000 2.073210e+04
1635.000000 2.070993e+04
1636.000000 2.068912e+04
1637.000000 2.066695e+04
1638.000000 2.064614e+04
1639.000000 2.062398e+04
1640.000000 2.060317e+04
1641.000000 2.058100e+04
1642.000000 2.055883e+04
1643.000000 2.053712e+04
1644.000000 2.051495e+04
1645.000000 2.049278e+04
1646.000000 2.047017e+04
1647.000000 2.044800e+04
1648.000000 2.042493e+04
1649.000000 2.040321e+04
1650.000000 2.038014e+04
1651.000000 2.035481e+04
1652.000000 2.033309e+04
1653.000000 2.031409e+04
1654.000000 2.029509e+04
1655.000000 2.027202e+04
1656.000000 2.024714e+04
1657.000000 2.022316e+04
1658.000000 2.019918e+04
1659.000000 2.017295e+04
1660.000000 2.014987e+04
1661.000000 2.013087e+04
1662.000000 2.011097e+04
1663.000000 2.008699e+04
1664.000000 2.006211e+04
1665.000000 2.003678e+04
1666.000000 2.001189e+04
1667.000000 1.998611e+04
1668.000000 1.996213e+04
1669.000000 1.994177e+04
1670.000000 1.992187e+04
1671.000000 1.989789e+04
1672.000000 1.987211e+04
1673.000000 1.984587e+04
1674.000000 1.982099e+04
1675.000000 1.979611e+04
1676.000000 1.977122e+04
1677.000000 1.974499e+04
1678.000000 1.972010e+04
1679.000000 1.969296e+04
1680.000000 1.966898e+04
1681.000000 1.964817e+04
1682.000000 1.962782e+04
1683.000000 1.960293e+04
1684.000000 1.957715e+04
1685.000000 1.955091e+04
1686.000000 1.952512e+04
1687.000000 1.949979e+04
1688.000000 1.947400e+04
1689.000000 1.944912e+04
1690.000000 1.942288e+04
1691.000000 1.939710e+04
1692.000000 1.937222e+04
1693.000000 1.934598e+04
1694.000000 1.932019e+04
1695.000000 1.929395e+04
1696.000000 1.926907e+04
1697.000000 1.924917e+04
1698.000000 1.922790e+04
1699.000000 1.920302e+04
1700.000000 1.917678e+04
1701.000000 1.915190e+04
1702.000000 1.912793e+04
1703.000000 1.910304e+04
1704.000000 1.907907e+04
1705.000000 1.906007e+04
1706.000000 1.904016e+04
1707.000000 1.901709e+04
1708.000000 1.899221e+04
1709.000000 1.896688e+04
1710.000000 1.894290e+04
1711.000000 1.891892e+04
1712.000000 1.889495e+04
1713.000000 1.887006e+04
1714.000000 1.884609e+04
1715.000000 1.882211e+04
1716.000000 1.879813e+04
1717.000000 1.877190e+04
1718.000000 1.874882e+04
1719.000000 1.872892e+04
1720.000000 1.870992e+04
1721.000000 1.868594e+04
1722.000000 1.866106e+04
1723.000000 1.863618e+04
1724.000000 1.861220e+04
1725.000000 1.858687e+04
1726.000000 1.856199e+04
1727.000000 1.853711e+04
1728.000000 1.851313e+04
1729.000000 1.848780e+04
1730.000000 1.846291e+04
1731.000000 1.843803e+04
1732.000000 1.841315e+04
1733.000000 1.838691e+04
1734.000000 1.836294e+04
1735.000000 1.834213e+04
1736.000000 1.832086e+04
1737.000000 1.829689e+04
1738.000000 1.827020e+04
1739.000000 1.824396e+04
1740.000000 1.821908e+04
1741.000000 1.819284e+04
1742.000000 1.816705e+04
1743.000000 1.814081e+04
1744.000000 1.811503e+04
1745.000000 1.808788e+04
1746.000000 1.806210e+04
1747.000000 1.804083e+04
1748.000000 1.801912e+04
1749.000000 1.799288e+04
1750.000000 1.796483e+04
1751.000000 1.793679e+04
1752.000000 1.790919e+04
1753.000000 1.788114e+04
1754.000000 1.785309e+04
1755.000000 1.782278e+04
1756.000000 1.779609e+04
1757.000000 1.777121e+04
1758.000000 1.774678e+04
1759.000000 1.771919e+04
1760.000000 1.768888e+04
1761.000000 1.765992e+04
1762.000000 1.763097e+04
1763.000000 1.760202e+04
1764.000000 1.757306e+04
1765.000000 1.754321e+04
1766.000000 1.751380e+04
1767.000000 1.748485e+04
1768.000000 1.745499e+04
1769.000000 1.742604e+04
1770.000000 1.739618e+04
1771.000000 1.736677e+04
1772.000000 1.733782e+04
1773.000000 1.730796e+04
1774.000000 1.727901e+04
1775.000000 1.724915e+04
1776.000000 1.722020e+04
1777.000000 1.719080e+04
1778.000000 1.716094e+04
1779.000000 1.713198e+04
1780.000000 1.710303e+04
1781.000000 1.707317e+04
1782.000000 1.704513e+04
1783.000000 1.701979e+04
1784.000000 1.699582e+04
1785.000000 1.696822e+04
1786.000000 1.693791e+04
1787.000000 1.690896e+04
1788.000000 1.688091e+04
1789.000000 1.685286e+04
1790.000000 1.682391e+04
1791.000000 1.679586e+04
1792.000000 1.676781e+04
1793.000000 1.674112e+04
1794.000000 1.671307e+04
1795.000000 1.668502e+04
1796.000000 1.665788e+04
1797.000000 1.663209e+04
1798.000000 1.660405e+04
1799.000000 1.657193e+04
1800.000000 1.654207e+04
1801.000000 1.651583e+04
1802.000000 1.649095e+04
1803.000000 1.646200e+04
1804.000000 1.643214e+04
1805.000000 1.640590e+04
1806.000000 1.638192e+04
1807.000000 1.635795e+04
1808.000000 1.633306e+04
1809.000000 1.630909e+04
1810.000000 1.628421e+04
1811.000000 1.625616e+04
1812.000000 1.622811e+04
1813.000000 1.620413e+04
1814.000000 1.618016e+04
1815.000000 1.615301e+04
1816.000000 1.612406e+04
1817.000000 1.609918e+04
1818.000000 1.607792e+04
1819.000000 1.605892e+04
1820.000000 1.603901e+04
1821.000000 1.601684e+04
1822.000000 1.599287e+04
1823.000000 1.596980e+04
1824.000000 1.594718e+04
1825.000000 1.592410e+04
1826.000000 1.590103e+04
1827.000000 1.587796e+04
1828.000000 1.585579e+04
1829.000000 1.583317e+04
1830.000000 1.581010e+04
1831.000000 1.578794e+04
1832.000000 1.576486e+04
1833.000000 1.574315e+04
1834.000000 1.572098e+04
1835.000000 1.569791e+04
1836.000000 1.567620e+04
1837.000000 1.565312e+04
1838.000000 1.563096e+04
1839.000000 1.560879e+04
1840.000000 1.558617e+04
1841.000000 1.556400e+04
1842.000000 1.554184e+04
1843.000000 1.552012e+04
1844.000000 1.549705e+04
1845.000000 1.547488e+04
1846.000000 1.545317e+04
1847.000000 1.543010e+04
1848.000000 1.540793e+04
1849.000000 1.538486e+04
1850.000000 1.536314e+04
1851.000000 1.534007e+04
1852.000000 1.531700e+04
1853.000000 1.529483e+04
1854.000000 1.527221e+04
1855.000000 1.524914e+04
1856.000000 1.522607e+04
1857.000000 1.520300e+04
1858.000000 1.517992e+04
1859.000000 1.515595e+04
1860.000000 1.513288e+04
1861.000000 1.510799e+04
1862.000000 1.508492e+04
1863.000000 1.506411e+04
1864.000000 1.504285e+04
1865.000000 1.501887e+04
1866.000000 1.499309e+04
1867.000000 1.496685e+04
1868.000000 1.494016e+04
1869.000000 1.491301e+04
1870.000000 1.488587e+04
1871.000000 1.486099e+04
1872.000000 1.483520e+04
1873.000000 1.480580e+04
1874.000000 1.477277e+04
1875.000000 1.474111e+04
1876.000000 1.470718e+04
1877.000000 1.467189e+04
1878.000000 1.463480e+04
1879.000000 1.459679e+04
1880.000000 1.455608e+04
1881.000000 1.451401e+04
1882.000000 1.446922e+04
1883.000000 1.442308e+04
1884.000000 1.437286e+04
1885.000000 1.432084e+04
1886.000000 1.426610e+04
1887.000000 1.420819e+04
1888.000000 1.414621e+04
1889.000000 1.407700e+04
1890.000000 1.400507e+04
1891.000000 1.393088e+04
1892.000000 1.385488e+04
1893.000000 1.377299e+04
1894.000000 1.368613e+04
1895.000000 1.359520e+04
1896.000000 1.349885e+04
1897.000000 1.339706e+04
1898.000000 1.328894e+04
1899.000000 1.317584e+04
1900.000000 1.305686e+04
1901.000000 1.293200e+04
1902.000000 1.279990e+04
1903.000000 1.266193e+04
1904.000000 1.251716e+04
1905.000000 1.236606e+04
1906.000000 1.220818e+04
1907.000000 1.204306e+04
1908.000000 1.187296e+04
1909.000000 1.169788e+04
1910.000000 1.151602e+04
1911.000000 1.132602e+04
1912.000000 1.112787e+04
1913.000000 1.092385e+04
1914.000000 1.071394e+04
1915.000000 1.049815e+04
1916.000000 1.027602e+04
1917.000000 1.004983e+04
1918.000000 9.816849e+03
1919.000000 9.579797e+03
1920.000000 9.339126e+03
1921.000000 9.096193e+03
1922.000000 8.850093e+03
1923.000000 8.598112e+03
1924.000000 8.342964e+03
1925.000000 8.086007e+03
1926.000000 7.826788e+03
1927.000000 7.567117e+03
1928.000000 7.306993e+03
1929.000000 7.045964e+03
1930.000000 6.785840e+03
1931.000000 6.526169e+03
1932.000000 6.267854e+03
1933.000000 6.013159e+03
1934.000000 5.761178e+03
1935.000000 5.510102e+03
1936.000000 5.262193e+03
1937.000000 5.018807e+03
1938.000000 4.780851e+03
1939.000000 4.546060e+03
1940.000000 4.315794e+03
1941.000000 4.091862e+03
1942.000000 3.873810e+03
1943.000000 3.662092e+03
1944.000000 3.455802e+03
1945.000000 3.257203e+03
1946.000000 3.064033e+03
1947.000000 2.877196e+03
1948.000000 2.697145e+03
1949.000000 2.524785e+03
1950.000000 2.360115e+03
1951.000000 2.201779e+03
1952.000000 2.051133e+03
1953.000000 1.906821e+03
1954.000000 1.770199e+03
1955.000000 1.640816e+03
1956.000000 1.518219e+03
1957.000000 1.401955e+03
1958.000000 1.292024e+03
1959.000000 1.188879e+03
1960.000000 1.092068e+03
1961.000000 1.001138e+03
1962.000000 9.169932e+02
1963.000000 8.369203e+02
1964.000000 7.640856e+02
1965.000000 6.948700e+02
1966.000000 6.319879e+02
1967.000000 5.731773e+02
1968.000000 5.188906e+02
1969.000000 4.691277e+02
1970.000000 4.229840e+02
1971.000000 3.809118e+02
1972.000000 3.429111e+02
1973.000000 3.071724e+02
1974.000000 2.750527e+02
1975.000000 2.460998e+02
1976.000000 2.198612e+02
1977.000000 1.958846e+02
1978.000000 1.741699e+02
1979.000000 1.538124e+02
1980.000000 1.370740e+02
1981.000000 1.207880e+02
1982.000000 1.058591e+02
1983.000000 9.409698e+01
1984.000000 8.188247e+01
1985.000000 7.192991e+01
1986.000000 6.288212e+01
1987.000000 5.519150e+01
1988.000000 4.795327e+01
1989.000000 4.207221e+01
1990.000000 3.619115e+01
1991.000000 3.211964e+01
1992.000000 2.714336e+01
1993.000000 2.397664e+01
1994.000000 1.990513e+01
1995.000000 1.809557e+01
1996.000000 1.492885e+01
1997.000000 1.311929e+01
1998.000000 1.085734e+01
1999.000000 9.047787e+00
2000.000000 8.143008e+00
2001.000000 6.785840e+00
2002.000000 5.881061e+00
2003.000000 4.976283e+00
2004.000000 4.071504e+00
2005.000000 3.166725e+00
2006.000000 3.166725e+00
2007.000000 1.809557e+00
2008.000000 1.809557e+00
2009.000000 1.809557e+00
2010.000000 9.047787e-01
2011.000000 9.047787e-01
2012.000000 9.047787e-01
2013.000000 9.047787e-01
2014.000000 9.047787e-01
2015.000000 9.047787e-01
2016.000000 0.000000e+00
2017.000000 0.000000e+00
2018.000000 0.000000e+00
2019.000000 0.000000e+00
2020.000000 0.000000e+00
2021.000000 0.000000e+00
2022.000000 0.000000e+00
2023.000000 0.000000e+00
2024.000000 0.000000e+00
2025.000000 0.000000e+00
2026.000000 0.000000e+00
2027.000000 0.000000e+00
2028.000000 0.000000e+00
2029.000000 0.000000e+00
2030.000000 0.000000e+00
2031.000000 0.000000e+00
2032.000000 0.000000e+00
2033.000000 0.000000e+00
2034.000000 0.000000e+00
2035.000000 0.000000e+00
2036.000000 0.000000e+00
2037.000000 0.000000e+00
2038.000000 0.000000e+00
2039.000000 0.000000e+00
2040.000000 0.000000e+00
2041.000000 0.000000e+00
2042.000000 0.000000e+00
2043.000000 0.000000e+00
2044.000000 0.000000e+00
2045.000000 0.000000e+00
2046.000000 0.000000e+00
2047.000000 0.000000e+00
2048.000000 0.000000e+00
2049.000000 0.000000e+00
2050.000000 0.000000e+00
2051.000000 0.000000e+00
2052.000000 0.000000e+00
2053.000000 0.000000e+00
2054.000000 0.000000e+00
2055.000000 0.000000e+00
2056.000000 0.000000e+00
2057.000000 0.000000e+00
2058.000000 0.000000e+00
2059.000000 0.000000e+00
2060.000000 0.000000e+00
2061.000000 0.000000e+00
2062.000000 0.000000e+00
2063.000000 0.000000e+00
2064.000000 0.000000e+00
2065.000000 0.000000e+00
2066.000000 0.000000e+00
2067.000000 0.000000e+00
2068.000000 0.000000e+00
2069.000000 0.000000e+00
2070.000000 0.000000e+00
2071.000000 0.000000e+00
2072.000000 0.000000e+00
2073.000000 0.000000e+00
2074.000000 0.000000e+00
2075.000000 0.000000e+00
2076.000000 0.000000e+00
2077.000000 0.000000e+00
2078.000000 0.000000e+00
2079.000000 0.000000e+00
2080.000000 0.000000e+00
2081.000000 0.000000e+00
2082.000000 0.000000e+00
2083.000000 0.000000e+00
2084.000000 0.000000e+00
2085.000000 0.000000e+00
2086.000000 0.000000e+00
2087.000000 0.000000e+00
2088.000000 0.000000e+00
2089.000000 0.000000e+00
2090.000000 0.000000e+00
2091.000000 0.000000e+00
2092.000000 0.000000e+00
2093.000000 0.000000e+00
2094.000000 0.000000e+00
2095.000000 0.000000e+00
2096.000000 0.000000e+00
2097.000000 0.000000e+00
2098.000000 0.000000e+00
2099.000000 0.000000e+00
2100.000000 0.000000e+00
2101.000000 0.000000e+00
2102.000000 0.000000e+00
2103.000000 0.000000e+00
2104.000000 0.000000e+00
2105.000000 0.000000e+00
2106.000000 0.000000e+00
2107.000000 0.000000e+00
2108.000000 0.000000e+00
2109.000000 0.000000e+00
2110.000000 0.000000e+00
2111.000000 0.000000e+00
2112.000000 0.000000e+00
2113.000000 0.000000e+00
2114.000000 0.000000e+00
2115.000000 0.000000e+00
2116.000000 0.000000e+00
2117.000000 0.000000e+00
2118.000000 0.000000e+00
2119.000000 0.000000e+00
2120.000000 0.000000e+00
2121.000000 0.000000e+00
2122.000000 0.000000e+00
2123.000000 0.000000e+00
2124.000000 0.000000e+00
2125.000000 0.000000e+00
2126.000000 0.000000e+00
2127.000000 0.000000e+00
2128.000000 0.000000e+00
2129.000000 0.000000e+00
2130.000000 0.000000e+00
2131.000000 0.000000e+00
2132.000000 0.000000e+00
2133.000000 0.000000e+00
2134.000000 0.000000e+00
2135.000000 0.000000e+00
2136.000000 0.000000e+00
2137.000000 0.000000e+00
2138.000000 0.000000e+00
2139.000000 0.000000e+00
2140.000000 0.000000e+00
2141.000000 0.000000e+00
2142.000000 0.000000e+00
2143.000000 0.000000e+00
2144.000000 0.000000e+00
2145.000000 0.000000e+00
2146.000000 0.000000e+00
2147.000000 0.000000e+00
2148.000000 0.000000e+00
2149.000000 0.000000e+00
2150.000000 0.000000e+00
2151.000000 0.000000e+00
2152.000000 0.000000e+00
2153.000000 0.000000e+00
2154.000000 0.000000e+00
2155.000000 0.000000e+00
2156.000000 0.000000e+00
2157.000000 0.000000e+00
2158.000000 0.000000e+00
2159.000000 0.000000e+00
2160.000000 0.000000e+00
2161.000000 0.000000e+00
2162.000000 0.000000e+00
2163.000000 0.000000e+00
2164.000000 0.000000e+00
2165.000000 0.000000e+00
2166.000000 0.000000e+00
2167.000000 0.000000e+00
2168.000000 0.000000e+00
2169.000000 0.000000e+00
2170.000000 0.000000e+00
2171.000000 0.000000e+00
2172.000000 0.000000e+00
2173.000000 0.000000e+00
2174.000000 0.000000e+00
2175.000000 0.000000e+00
2176.000000 0.000000e+00
2177.000000 0.000000e+00
2178.000000 0.000000e+00
2179.000000 0.000000e+00
2180.000000 0.000000e+00
2181.000000 0.000000e+00
2182.000000 0.000000e+00
2183.000000 0.000000e+00
2184.000000 0.000000e+00
2185.000000 0.000000e+00
2186.000000 0.000000e+00
2187.000000 0.000000e+00
2188.000000 0.000000e+00
2189.000000 0.000000e+00
2190.000000 0.000000e+00
2191.000000 0.000000e+00
2192.000000 0.000000e+00
2193.000000 0.000000e+00
2194.000000 0.000000e+00
2195.000000 0.000000e+00
2196.000000 0.000000e+00
2197.000000 0.000000e+00
2198.000000 0.000000e+00
2199.000000 0.000000e+00
2200.000000 0.000000e+00
2201.000000 0.000000e+00
2202.000000 0.000000e+00
2203.000000 0.000000e+00
2204.000000 0.000000e+00
2205.000000 0.000000e+00
2206.000000 0.000000e+00
2207.000000 0.000000e+00
2208.000000 0.000000e+00
2209.000000 0.000000e+00
2210.000000 0.000000e+00
2211.000000 0.000000e+00
2212.000000 0.000000e+00
2213.000000 0.000000e+00
2214.000000 0.000000e+00
2215.000000 0.000000e+00
2216.000000 0.000000e+00
2217.000000 0.000000e+00
2218.000000 0.000000e+00
2219.000000 0.000000e+00
2220.000000 0.000000e+00
2221.000000 0.000000e+00
2222.000000 0.000000e+00
2223.000000 0.000000e+00
2224.000000 0.000000e+00
2225.000000 0.000000e+00
2226.000000 0.000000e+00
2227.000000 0.000000e+00
2228.000000 0.000000e+00
2229.000000 0.000000e+00
2230.000000 0.000000e+00
2231.000000 0.000000e+00
2232.000000 0.000000e+00
2233.000000 0.000000e+00
2234.000000 0.000000e+00
2235.000000 0.000000e+00
2236.000000 0.000000e+00
2237.000000 0.000000e+00
2238.000000 0.000000e+00
2239.000000 0.000000e+00
2240.000000 0.000000e+00
2241.000000 0.000000e+00
2242.000000 0.000000e+00
2243.000000 0.000000e+00
2244.000000 0.000000e+00
2245.000000 0.000000e+00
2246.000000 0.000000e+00
2247.000000 0.000000e+00
2248.000000 0.000000e+00
2249.000000 0.000000e+00
2250.000000 0.000000e+00
2251.000000 0.000000e+00
2252.000000 0.000000e+00
2253.000000 0.000000e+00
2254.000000 0.000000e+00
2255.000000 0.000000e+00
2256.000000 0.000000e+00
2257.000000 0.000000e+00
2258.000000 0.000000e+00
2259.000000 0.000000e+00
2260.000000 0.000000e+00
2261.000000 0.000000e+00
2262.000000 0.000000e+00
2263.000000 0.000000e+00
2264.000000 0.000000e+00
2265.000000 0.000000e+00
2266.000000 0.000000e+00
2267.000000 0.000000e+00
2268.000000 0.000000e+00
2269.000000 0.000000e+00
2270.000000 0.000000e+00
2271.000000 0.000000e+00
2272.000000 0.000000e+00
2273.000000 0.000000e+00
2274.000000 0.000000e+00
2275.000000 0.000000e+00
2276.000000 0.000000e+00
2277.000000 0.000000e+00
2278.000000 0.000000e+00
2279.000000 0.000000e+00
2280.000000 0.000000e+00
2281.000000 0.000000e+00
2282.000000 0.000000e+00
2283.000000 0.000000e+00
2284.000000 0.000000e+00
2285.000000 0.000000e+00
2286.000000 0.000000e+00
2287.000000 0.000000e+00
2288.000000 0.000000e+00
2289.000000 0.000000e+00
2290.000000 0.000000e+00
2291.000000 0.000000e+00
2292.000000 0.000000e+00
2293.000000 0.000000e+00
2294.000000 0.000000e+00
2295.000000 0.000000e+00
2296.000000 0.000000e+00
2297.000000 0.000000e+00
2298.000000 0.000000e+00
2299.000000 0.000000e+00
2300.000000 0.000000e+00
2301.000000 0.000000e+00
2302.000000 0.000000e+00
2303.000000 0.000000e+00
2304.000000 0.000000e+00
2305.000000 0.000000e+00
2306.000000 0.000000e+00
2307.000000 0.000000e+00
2308.000000 0.000000e+00
2309.000000 0.000000e+00
2310.000000 0.000000e+00
2311.000000 0.000000e+00
2312.000000 0.000000e+00
2313.000000 0.000000e+00
2314.000000 0.000000e+00
2315.000000 0.000000e+00
2316.000000 0.000000e+00
2317.000000 0.000000e+00
2318.000000 0.000000e+00
2319.000000 0.000000e+00
2320.000000 0.000000e+00
2321.000000 0.000000e+00
2322.000000 0.000000e+00
2323.000000 0.000000e+00
2324.000000 0.000000e+00
2325.000000 0.000000e+00
2326.000000 0.000000e+00
2327.000000 0.000000e+00
2328.000000 0.000000e+00
2329.000000 0.000000e+00
2330.000000 0.000000e+00
2331.000000 0.000000e+00
2332.000000 0.000000e+00
2333.000000 0.000000e+00
2334.000000 0.000000e+00
2335.000000 0.000000e+00
2336.000000 0.000000e+00
2337.000000 0.000000e+00
2338.000000 0.000000e+00
2339.000000 0.000000e+00
2340.000000 0.000000e+00
2341.000000 0.000000e+00
2342.000000 0.000000e+00
2343.000000 0.000000e+00
2344.000000 0.000000e+00
2345.000000 0.000000e+00
2346.000000 0.000000e+00
2347.000000 0.000000e+00
2348.000000 0.000000e+00
2349.000000 0.000000e+00
2350.000000 0.000000e+00
2351.000000 0.000000e+00
2352.000000 0.000000e+00
2353.000000 0.000000e+00
2354.000000 0.000000e+00
2355.000000 0.000000e+00
2356.000000 0.000000e+00
2357.000000 0.000000e+00
2358.000000 0.000000e+00
2359.000000 0.000000e+00
2360.000000 0.000000e+00
2361.000000 0.000000e+00
2362.000000 0.000000e+00
2363.000000 0.000000e+00
2364.000000 0.000000e+00
2365.000000 0.000000e+00
2366.000000 0.000000e+00
2367.000000 0.000000e+00
2368.000000 0.000000e+00
2369.000000 0.000000e+00
2370.000000 0.000000e+00
2371.000000 0.000000e+00
2372.000000 0.000000e+00
2373.000000 0.000000e+00
2374.000000 0.000000e+00
2375.000000 0.000000e+00
2376.000000 0.000000e+00
2377.000000 0.000000e+00
2378.000000 0.000000e+00
2379.000000 0.000000e+00
2380.000000 0.000000e+00
2381.000000 0.000000e+00
2382.000000 0.000000e+00
2383.000000 0.000000e+00
2384.000000 0.000000e+00
2385.000000 0.000000e+00
2386.000000 0.000000e+00
2387.000000 0.000000e+00
2388.000000 0.000000e+00
2389.000000 0.000000e+00
2390.000000 0.000000e+00
2391.000000 0.000000e+00
2392.000000 0.000000e+00
2393.000000 0.000000e+00
2394.000000 0.000000e+00
2395.000000 0.000000e+00
2396.000000 0.000000e+00
2397.000000 0.000000e+00
2398.000000 0.000000e+00
2399.000000 0.000000e+00
2400.000000 0.000000e+00
2401.000000 0.000000e+00
2402.000000 0.000000e+00
2403.000000 0.000000e+00
2404.000000 0.000000e+00
2405.000000 0.000000e+00
2406.000000 0.000000e+00
2407.000000 0.000000e+00
2408.000000 0.000000e+00
2409.000000 0.000000e+00
2410.000000 0.000000e+00
2411.000000 0.000000e+00
2412.000000 0.000000e+00
2413.000000 0.000000e+00
2414.000000 0.000000e+00
2415.000000 0.000000e+00
2416.000000 0.000000e+00
2417.000000 0.000000e+00
2418.000000 0.000000e+00
2419.000000 0.000000e+00
2420.000000 0.000000e+00
2421.000000 0.000000e+00
2422.000000 0.000000e+00
2423.000000 0.000000e+00
2424.000000 0.000000e+00
2425.000000 0.000000e+00
2426.000000 0.000000e+00
2427.000000 0.000000e+00
2428.000000 0.000000e+00
2429.000000 0.000000e+00
2430.000000 0.000000e+00
2431.000000 0.000000e+00
2432.000000 0.000000e+00
2433.000000 0.000000e+00
2434.000000 0.000000e+00
2435.000000 0.000000e+00
2436.000000 0.000000e+00
2437.000000 0.000000e+00
2438.000000 0.000000e+00
2439.000000 0.000000e+00
2440.000000 0.000000e+00
2441.000000 0.000000e+00
2442.000000 0.000000e+00
2443.000000 0.000000e+00
2444.000000 0.000000e+00
2445.000000 0.000000e+00
2446.000000 0.000000e+00
2447.000000 0.000000e+00
2448.000000 0.000000e+00
2449.000000 0.000000e+00
2450.000000 0.000000e+00
2451.000000 0.000000e+00
2452.000000 0.000000e+00
2453.000000 0.000000e+00
2454.000000 0.000000e+00
2455.000000 0.000000e+00
2456.000000 0.000000e+00
2457.000000 0.000000e+00
2458.000000 0.000000e+00
2459.000000 0.000000e+00
2460.000000 0.000000e+00
2461.000000 0.000000e+00
2462.000000 0.000000e+00
2463.000000 0.000000e+00
2464.000000 0.000000e+00
2465.000000 0.000000e+00
2466.000000 0.000000e+00
2467.000000 0.000000e+00
2468.000000 0.000000e+00
2469.000000 0.000000e+00
2470.000000 0.000000e+00
2471.000000 0.000000e+00
2472.000000 0.000000e+00
2473.000000 0.000000e+00
2474.000000 0.000000e+00
2475.000000 0.000000e+00
2476.000000 0.000000e+00
2477.000000 0.000000e+00
2478.000000 0.000000e+00
2479.000000 0.000000e+00
2480.000000 0.000000e+00
2481.000000 0.000000e+00
2482.000000 0.000000e+00
2483.000000 0.000000e+00
2484.000000 0.000000e+00
2485.000000 0.000000e+00
2486.000000 0.000000e+00
2487.000000 0.000000e+00
2488.000000 0.000000e+00
2489.000000 0.000000e+00
2490.000000 0.000000e+00
2491.000000 0.000000e+00
2492.000000 0.000000e+00
2493.000000 0.000000e+00
2494.000000 0.000000e+00
2495.000000 0.000000e+00
2496.000000 0.000000e+00
2497.000000 0.000000e+00
2498.000000 0.000000e+00
2499.000000 0.000000e+00
2500.000000 0.000000e+00
2501.000000 0.000000e+00
2502.000000 0.000000e+00
2503.000000 0.000000e+00
2504.000000 0.000000e+00
2505.000000 0.000000e+00
2506.000000 0.000000e+00
2507.000000 0.000000e+00
2508.000000 0.000000e+00
2509.000000 0.000000e+00
2510.000000 0.000000e+00
2511.000000 0.000000e+00
2512.000000 0.000000e+00
2513.000000 0.000000e+00
2514.000000 0.000000e+00
2515.000000 0.000000e+00
2516.000000 0.000000e+00
2517.000000 0.000000e+00
2518.000000 0.000000e+00
2519.000000 0.000000e+00
2520.000000 0.000000e+00
2521.000000 0.000000e+00
2522.000000 0.000000e+00
2523.000000 0.000000e+00
2524.000000 0.000000e+00
2525.000000 0.000000e+00
2526.000000 0.000000e+00
2527.000000 0.000000e+00
2528.000000 0.000000e+00
2529.000000 0.000000e+00
2530.000000 0.000000e+00
2531.000000 0.000000e+00
2532.000000 0.000000e+00
2533.000000 0.000000e+00
2534.000000 0.000000e+00
2535.000000 0.000000e+00
2536.000000 0.000000e+00
2537.000000 0.000000e+00
2538.000000 0.000000e+00
2539.000000 0.000000e+00
2540.000000 0.000000e+00
2541.000000 0.000000e+00
2542.000000 0.000000e+00
2543.000000 0.000000e+00
2544.000000 0.000000e+00
2545.000000 0.000000e+00
2546.000000 0.000000e+00
2547.000000 0.000000e+00
2548.000000 0.000000e+00
2549.000000 0.000000e+00
2550.000000 0.000000e+00
2551.000000 0.000000e+00
2552.000000 0.000000e+00
2553.000000 0.000000e+00
2554.000000 0.000000e+00
2555.000000 0.000000e+00
2556.000000 0.000000e+00
2557.000000 0.000000e+00
2558.000000 0.000000e+00
2559.000000 0.000000e+00
2560.000000 0.000000e+00
2561.000000 0.000000e+00
2562.000000 0.000000e+00
2563.000000 0.000000e+00
2564.000000 0.000000e+00
2565.000000 0.000000e+00
2566.000000 0.000000e+00
2567.000000 0.000000e+00
2568.000000 0.000000e+00
2569.000000 0.000000e+00
2570.000000 0.000000e+00
2571.000000 0.000000e+00
2572.000000 0.000000e+00
2573.000000 0.000000e+00
2574.000000 0.000000e+00
2575.000000 0.000000e+00
2576.000000 0.000000e+00
2577.000000 0.000000e+00
2578.000000 0.000000e+00
2579.000000 0.000000e+00
2580.000000 0.000000e+00
2581.000000 0.000000e+00
2582.000000 0.000000e+00
2583.000000 0.000000e+00
2584.000000 0.000000e+00
2585.000000 0.000000e+00
2586.000000 0.000000e+00
2587.000000 0.000000e+00
2588.000000 0.000000e+00
2589.000000 0.000000e+00
2590.000000 0.000000e+00
2591.000000 0.000000e+00
2592.000000 0.000000e+00
2593.000000 0.000000e+00
2594.000000 0.000000e+00
2595.000000 0.000000e+00
2596.000000 0.000000e+00
2597.000000 0.000000e+00
2598.000000 0.000000e+00
2599.000000 0.000000e+00
